100 0 101 102 1 -1
101 2 114 3 -1
101 67 -1
102 104 103 -1
103 102 -1
103 67 -1
104 4 105 113 -1
105 158 5 106 6 7 8 111 9 -1
106 107 -1
106 67 -1
107 109 158 108 -1
108 10 107 -1
108 67 -1
109 11 110 -1
109 12 -1
109 13 110 -1
109 14 -1
109 158 -1
109 15 -1
110 8 152 9 -1
110 67 -1
111 109 112 -1
111 67 -1
112 10 109 112 -1
112 67 -1
113 16 114 17 -1
114 116 115 -1
115 114 -1
115 67 -1
116 117 -1
116 104 -1
117 118 -1
117 119 -1
117 127 -1
117 147 -1
117 130 -1
117 150 -1
117 148 -1
117 156 -1
118 109 145 18 -1
119 19 120 20 121 18 -1
120 158 123 -1
120 21 8 145 9 -1
120 67 -1
121 131 -1
121 122 -1
122 22 158 5 149 6 -1
123 8 124 9 -1
123 23 158 -1
123 67 -1
124 158 126 -1
124 152 125 -1
125 7 152 -1
125 67 -1
126 7 158 -1
126 67 -1
127 24 5 143 6 25 114 26 128 129 -1
128 27 5 143 6 25 114 26 128 -1
128 67 -1
129 28 25 114 26 -1
129 67 -1
130 29 5 143 6 30 114 31 -1
131 158 123 132 -1
131 152 132 -1
131 153 132 -1
131 151 132 -1
131 155 132 -1
131 133 132 -1
131 154 132 -1
131 32 5 158 10 158 6 -1
131 33 5 158 10 158 6 -1
132 138 131 -1
132 67 -1
133 8 134 9 -1
134 152 135 -1
134 153 136 -1
134 155 137 -1
135 10 152 135 -1
135 67 -1
136 10 153 136 -1
136 67 -1
137 10 155 137 -1
137 67 -1
138 140 -1
138 141 -1
138 142 -1
138 139 -1
139 34 -1
139 35 -1
140 36 -1
140 37 -1
140 38 -1
140 39 -1
140 40 -1
140 41 -1
141 42 -1
141 43 -1
141 44 -1
141 45 -1
142 46 -1
142 47 -1
142 48 -1
143 5 143 6 142 5 143 6 -1
143 144 140 144 -1
144 152 -1
144 153 -1
144 151 -1
144 154 -1
144 158 123 -1
145 158 146 -1
146 10 145 -1
146 67 -1
147 49 5 144 6 18 -1
147 50 5 144 6 18 -1
148 51 8 158 146 9 18 -1
149 158 146 -1
149 67 -1
150 52 158 53 114 54 -1
151 55 56 55 -1
152 57 -1
153 58 -1
154 59 -1
154 60 -1
155 61 62 61 -1
156 63 151 157 64 -1
157 151 157 -1
157 67 -1
158 65 -1
