0 1 130 130 130 130 130 130 130 130 130 130 130 130 130 130 130 130 130 130 130 130 130 130 130 130 130 130 130 130 130 130 130 130 130 130 130 130 130 130 130 130 130 130 130 130 130 130 130 130 130 130 130 130 130 130 130 130 130 130 130 130 130 130 130 130 130 129
0 130 130 2 130 3 130 130 130 130 130 130 130 130 130 130 130 130 130 130 130 130 130 130 130 130 130 130 130 130 130 130 130 130 130 130 130 130 130 130 130 130 130 130 130 130 130 130 130 130 130 130 130 130 130 130 130 130 130 130 130 130 130 130 130 130 130 130
0 130 129 130 130 4 130 130 130 130 130 130 130 130 130 130 130 130 130 130 130 130 130 130 130 130 130 130 130 130 130 130 130 130 130 130 130 130 130 130 130 130 130 130 130 130 130 130 130 130 130 130 130 130 130 130 130 130 130 130 130 130 130 130 130 130 130 130
0 130 6 130 130 5 130 130 130 130 130 130 130 130 130 130 130 130 130 130 130 130 130 130 130 130 130 130 130 130 130 130 130 130 130 130 130 130 130 130 130 130 130 130 130 130 130 130 130 130 130 130 130 130 130 130 130 130 130 130 130 130 130 130 130 130 130 130
0 130 129 130 129 7 130 130 130 130 130 130 129 129 129 129 129 130 129 130 129 130 130 130 130 129 130 129 130 130 129 130 129 130 130 130 130 130 130 130 130 130 130 130 130 130 130 130 130 130 129 129 129 129 130 129 130 130 130 130 130 130 130 130 129 130 129 130
0 130 130 130 130 130 130 130 130 130 130 130 130 130 130 130 130 129 130 130 130 130 130 130 130 130 130 130 130 130 130 130 130 130 130 130 130 130 130 130 130 130 130 130 130 130 130 130 130 130 130 130 130 130 130 130 130 130 130 130 130 130 130 130 130 130 8 130
0 130 130 130 130 130 130 10 130 130 130 130 9 9 9 9 9 130 130 130 130 130 130 130 130 130 130 130 130 130 130 130 130 130 130 130 130 130 130 130 130 130 130 130 130 130 130 130 130 130 130 130 130 130 130 130 130 130 130 130 130 130 130 130 130 130 9 130
0 130 130 130 130 130 130 129 130 130 130 130 11 11 11 11 11 130 130 130 130 130 130 130 130 130 130 130 130 130 130 130 130 130 130 130 130 130 130 130 130 130 130 130 130 130 130 130 130 130 130 130 130 130 130 130 130 130 130 130 130 130 130 130 130 130 11 130
0 130 130 130 130 130 130 13 130 130 130 12 130 130 130 130 130 130 130 130 130 130 130 130 130 130 130 130 130 130 130 130 130 130 130 130 130 130 130 130 130 130 130 130 130 130 130 130 130 130 130 130 130 130 130 130 130 130 130 130 130 130 130 130 130 130 130 130
0 130 130 130 130 130 130 130 130 130 129 129 14 15 16 17 19 130 130 130 130 130 130 130 130 130 130 130 130 130 130 130 130 130 130 130 130 130 130 130 130 130 130 130 130 130 130 130 130 130 130 130 130 130 130 130 130 130 130 130 130 130 130 130 130 130 18 130
0 130 130 130 130 130 130 130 130 20 21 21 130 130 130 130 130 130 130 130 130 130 130 130 130 130 130 130 130 130 130 130 130 130 130 130 130 130 130 130 130 130 130 130 130 130 130 130 130 130 130 130 130 130 130 130 130 130 130 130 130 130 130 130 130 130 21 130
0 130 130 130 130 130 130 130 130 130 23 130 22 22 22 22 22 130 130 130 130 130 130 130 130 130 130 130 130 130 130 130 130 130 130 130 130 130 130 130 130 130 130 130 130 130 130 130 130 130 130 130 130 130 130 130 130 130 130 130 130 130 130 130 130 130 22 130
0 130 130 130 130 130 130 130 130 130 25 24 130 130 130 130 130 130 130 130 130 130 130 130 130 130 130 130 130 130 130 130 130 130 130 130 130 130 130 130 130 130 130 130 130 130 130 130 130 130 130 130 130 130 130 130 130 130 130 130 130 130 130 130 130 130 130 130
0 130 129 130 129 129 130 130 130 130 130 130 129 129 129 129 129 26 129 130 129 130 130 130 130 129 130 129 130 130 129 130 129 130 130 130 130 130 130 130 130 130 130 130 130 130 130 130 130 130 129 129 129 129 130 129 130 130 130 130 130 130 130 130 129 130 129 130
0 130 130 130 129 27 130 130 130 130 130 130 27 27 27 27 27 130 129 130 27 130 130 130 130 27 130 129 130 130 27 130 129 130 130 130 130 130 130 130 130 130 130 130 130 130 130 130 130 130 27 27 27 27 130 129 130 130 130 130 130 130 130 130 27 130 27 130
0 130 130 130 29 28 130 130 130 130 130 130 28 28 28 28 28 130 29 130 28 130 130 130 130 28 130 29 130 130 28 130 29 130 130 130 130 130 130 130 130 130 130 130 130 130 130 130 130 130 28 28 28 28 130 29 130 130 130 130 130 130 130 130 28 130 28 130
0 130 130 130 129 31 130 130 130 130 130 130 30 30 30 30 30 130 129 130 30 130 130 130 130 30 130 129 130 130 30 130 129 130 130 130 130 130 130 130 130 130 130 130 130 130 130 130 130 130 30 30 30 30 130 129 130 130 130 130 130 130 130 130 30 130 30 130
0 130 130 130 129 129 130 130 130 130 130 130 32 32 32 32 32 130 129 130 33 130 130 130 130 34 130 129 130 130 36 130 129 130 130 130 130 130 130 130 130 130 130 130 130 130 130 130 130 130 35 35 38 37 130 129 130 130 130 130 130 130 130 130 39 130 32 130
0 130 130 130 129 129 130 130 130 130 130 130 40 40 40 40 40 130 129 130 129 130 130 130 130 129 130 129 130 130 129 130 129 130 130 130 130 130 130 130 130 130 130 130 130 130 130 130 130 130 129 129 129 129 130 129 130 130 130 130 130 130 130 130 129 130 40 130
0 130 130 130 129 129 130 130 130 130 130 130 129 129 129 129 129 130 129 130 41 130 130 130 130 129 130 129 130 130 129 130 129 130 130 130 130 130 130 130 130 130 130 130 130 130 130 130 130 130 129 129 129 129 130 129 130 130 130 130 130 130 130 130 129 130 129 130
0 130 130 130 130 130 130 130 130 130 130 130 130 130 130 130 130 130 130 130 130 44 43 130 130 130 130 130 130 130 130 130 130 130 130 130 130 130 130 130 130 130 130 130 130 130 130 130 130 130 130 130 130 130 130 130 130 130 130 130 130 130 130 130 130 130 42 130
0 130 130 130 130 130 130 130 130 45 130 130 130 130 130 130 130 130 130 129 130 130 130 46 130 130 130 130 130 130 130 130 130 45 45 130 130 130 130 130 130 130 130 130 130 130 130 130 130 130 130 130 130 130 130 130 45 130 45 45 45 45 45 130 130 130 45 130
0 130 130 130 130 130 130 130 130 130 130 130 130 130 130 130 130 130 130 129 130 130 130 47 130 130 130 130 130 130 130 130 130 130 130 130 130 130 130 130 130 130 130 130 130 130 130 130 130 130 130 130 130 130 130 130 130 130 130 130 130 130 130 130 130 130 130 130
0 130 130 130 130 130 130 50 130 48 130 130 130 130 130 130 130 130 130 50 130 50 130 130 49 130 130 130 130 130 130 130 130 130 130 50 50 50 50 50 50 50 50 50 50 50 50 50 50 50 130 130 130 130 130 130 130 130 130 130 130 130 130 130 130 130 130 130
0 130 130 130 130 130 130 130 130 130 129 130 130 130 130 130 130 130 130 130 130 130 130 130 130 130 130 130 130 130 130 130 130 130 130 130 130 130 130 130 130 130 130 130 130 130 130 130 130 130 130 130 130 130 130 130 130 130 52 130 130 130 130 130 130 130 51 130
0 130 130 130 130 130 130 130 53 130 54 130 130 130 130 130 130 130 130 130 130 130 130 130 130 130 130 130 130 130 130 130 130 130 130 130 130 130 130 130 130 130 130 130 130 130 130 130 130 130 130 130 130 130 130 130 130 130 130 130 130 130 130 130 130 130 130 130
0 130 130 130 130 130 130 130 55 130 56 130 130 130 130 130 130 130 130 130 130 130 130 130 130 130 130 130 130 130 130 130 130 130 130 130 130 130 130 130 130 130 130 130 130 130 130 130 130 130 130 130 130 130 130 130 130 130 130 130 130 130 130 130 130 130 130 130
0 130 130 130 129 129 130 130 130 130 130 130 129 129 129 129 129 130 129 130 129 130 130 130 130 57 130 129 130 130 129 130 129 130 130 130 130 130 130 130 130 130 130 130 130 130 130 130 130 130 129 129 129 129 130 129 130 130 130 130 130 130 130 130 129 130 129 130
0 130 130 130 59 59 130 130 130 130 130 130 59 59 59 59 59 130 59 130 59 130 130 130 130 59 130 59 58 59 59 130 59 130 130 130 130 130 130 130 130 130 130 130 130 130 130 130 130 130 59 59 59 59 130 59 130 130 130 130 130 130 130 130 59 130 59 130
0 130 130 130 61 61 130 130 130 130 130 130 61 61 61 61 61 130 61 130 61 130 130 130 130 61 130 61 130 60 61 130 61 130 130 130 130 130 130 130 130 130 130 130 130 130 130 130 130 130 61 61 61 61 130 61 130 130 130 130 130 130 130 130 61 130 61 130
0 130 130 130 129 129 130 130 130 130 130 130 129 129 129 129 129 130 129 130 129 130 130 130 130 129 130 129 130 130 62 130 129 130 130 130 130 130 130 130 130 130 130 130 130 130 130 130 130 130 129 129 129 129 130 129 130 130 130 130 130 130 130 130 129 130 129 130
0 130 130 130 130 130 130 130 130 68 130 130 130 130 130 130 130 130 130 129 130 130 130 130 130 130 130 130 130 130 130 130 130 70 71 130 130 130 130 130 130 130 130 130 130 130 130 130 130 130 130 130 130 130 130 130 66 130 64 65 69 69 67 130 130 130 63 130
0 130 130 130 130 130 130 130 130 130 130 130 130 130 130 130 130 130 130 73 130 130 130 130 130 130 130 130 130 130 130 130 130 130 130 72 72 72 72 72 72 72 72 72 72 72 72 72 72 72 130 130 130 130 130 130 130 130 130 130 130 130 130 130 130 130 130 130
0 130 130 130 130 130 130 130 130 74 130 130 130 130 130 130 130 130 130 129 130 130 130 130 130 130 130 130 130 130 130 130 130 130 130 129 129 129 129 129 129 129 129 129 129 129 129 129 129 129 130 130 130 130 130 130 130 130 130 130 130 130 130 130 130 130 130 130
0 130 130 130 130 130 130 130 130 130 129 130 130 130 130 130 130 130 130 130 130 130 130 130 130 130 130 130 130 130 130 130 130 130 130 130 130 130 130 130 130 130 130 130 130 130 130 130 130 130 130 130 130 130 130 130 130 130 75 76 130 130 77 130 130 130 130 130
0 130 130 130 130 130 130 130 130 130 79 78 130 130 130 130 130 130 130 130 130 130 130 130 130 130 130 130 130 130 130 130 130 130 130 130 130 130 130 130 130 130 130 130 130 130 130 130 130 130 130 130 130 130 130 130 130 130 130 130 130 130 130 130 130 130 130 130
0 130 130 130 130 130 130 130 130 130 81 80 130 130 130 130 130 130 130 130 130 130 130 130 130 130 130 130 130 130 130 130 130 130 130 130 130 130 130 130 130 130 130 130 130 130 130 130 130 130 130 130 130 130 130 130 130 130 130 130 130 130 130 130 130 130 130 130
0 130 130 130 130 130 130 130 130 130 83 82 130 130 130 130 130 130 130 130 130 130 130 130 130 130 130 130 130 130 130 130 130 130 130 130 130 130 130 130 130 130 130 130 130 130 130 130 130 130 130 130 130 130 130 130 130 130 130 130 130 130 130 130 130 130 130 130
0 130 130 130 130 130 130 130 130 129 130 130 130 130 130 130 130 130 130 130 130 130 130 130 130 130 130 130 130 130 130 130 130 129 129 87 87 84 84 84 84 84 84 85 85 85 85 86 86 86 130 130 130 130 130 130 129 130 129 129 129 129 129 130 130 130 129 130
0 130 130 130 130 130 130 130 130 129 130 130 130 130 130 130 130 130 130 130 130 130 130 130 130 130 130 130 130 130 130 130 130 129 129 88 89 130 130 130 130 130 130 130 130 130 130 130 130 130 130 130 130 130 130 130 129 130 129 129 129 129 129 130 130 130 129 130
0 130 130 130 130 130 130 130 130 129 130 130 130 130 130 130 130 130 130 130 130 130 130 130 130 130 130 130 130 130 130 130 130 129 129 130 130 90 91 92 93 94 95 130 130 130 130 130 130 130 130 130 130 130 130 130 129 130 129 129 129 129 129 130 130 130 129 130
0 130 130 130 130 130 130 130 130 129 130 130 130 130 130 130 130 130 130 130 130 130 130 130 130 130 130 130 130 130 130 130 130 129 129 130 130 130 130 130 130 130 130 96 97 98 99 130 130 130 130 130 130 130 130 130 129 130 129 129 129 129 129 130 130 130 129 130
0 130 130 130 130 130 129 130 130 129 130 130 130 130 130 130 130 130 130 130 130 130 130 130 130 130 130 130 130 130 130 130 130 129 129 130 130 130 130 130 130 130 130 130 130 130 130 100 101 102 130 130 130 130 130 130 129 130 129 129 129 129 129 130 130 130 129 130
0 130 130 130 130 130 103 129 130 130 130 130 130 130 130 130 130 130 130 130 130 130 130 130 130 130 130 130 130 130 130 130 130 130 130 130 130 130 130 130 130 130 130 130 130 130 130 130 130 130 130 130 130 130 130 130 104 130 104 104 104 104 130 130 130 130 104 130
0 130 130 130 130 130 130 129 130 130 130 130 130 130 130 130 130 130 130 130 130 130 130 130 130 130 130 130 130 130 130 130 130 130 130 130 130 129 129 129 129 129 129 130 130 130 130 130 130 130 130 130 130 130 130 130 107 130 105 106 108 108 130 130 130 130 109 130
0 130 130 130 130 130 130 129 130 130 129 130 130 130 130 130 130 130 130 129 130 130 130 130 130 130 130 130 130 130 130 130 130 130 130 130 130 130 130 130 130 130 130 130 130 130 130 130 130 130 130 130 130 130 130 130 130 130 130 130 130 130 130 130 130 130 110 130
0 130 130 130 130 130 130 112 130 130 112 111 130 130 130 130 130 130 130 112 130 130 130 130 130 130 130 130 130 130 130 130 130 130 130 130 130 130 130 130 130 130 130 130 130 130 130 130 130 130 130 130 130 130 130 130 130 130 130 130 130 130 130 130 130 130 130 130
0 130 130 130 129 129 130 130 130 130 130 130 129 129 129 129 129 130 129 130 129 130 130 130 130 129 130 129 130 130 129 130 129 130 130 130 130 130 130 130 130 130 130 130 130 130 130 130 130 130 113 114 129 129 130 129 130 130 130 130 130 130 130 130 129 130 129 130
0 130 130 130 129 129 130 130 130 130 130 130 129 129 129 129 129 130 129 130 129 130 130 130 130 129 130 129 130 130 129 130 129 130 130 130 130 130 130 130 130 130 130 130 130 130 130 130 130 130 129 129 115 129 130 129 130 130 130 130 130 130 130 130 129 130 129 130
0 130 130 130 130 130 130 117 130 130 130 130 130 130 130 130 130 130 130 130 130 130 130 130 130 130 130 130 130 130 130 130 130 130 130 130 130 130 130 130 130 130 130 130 130 130 130 130 130 130 130 130 130 130 130 130 130 130 130 130 130 130 130 130 130 130 116 130
0 130 130 130 129 129 130 130 130 130 130 130 129 129 129 129 129 130 129 130 129 130 130 130 130 129 130 129 130 130 129 130 129 130 130 130 130 130 130 130 130 130 130 130 130 130 130 130 130 130 129 129 129 118 130 129 130 130 130 130 130 130 130 130 129 130 129 130
0 130 130 130 130 130 130 129 130 130 130 130 130 130 130 130 130 130 130 129 130 130 130 130 130 130 130 130 130 130 130 130 130 130 130 129 129 129 129 129 129 129 129 129 129 129 129 129 129 129 130 130 130 130 130 130 119 130 130 130 130 130 130 130 130 129 130 130
0 130 130 130 130 130 130 129 129 130 129 129 130 130 130 130 130 130 130 129 130 130 130 130 130 130 130 130 130 130 130 130 130 130 130 129 129 129 129 129 129 129 129 129 129 129 129 129 129 129 130 130 130 130 130 130 130 130 120 130 130 130 130 130 130 130 130 130
0 130 130 130 130 130 130 129 130 130 129 129 130 130 130 130 130 130 130 129 130 130 130 130 130 130 130 130 130 130 130 130 130 130 130 129 129 129 129 129 129 129 129 129 129 129 129 129 129 129 130 130 130 130 130 130 130 130 130 121 130 130 130 130 130 130 130 130
0 130 130 130 130 130 130 129 130 130 130 130 130 130 130 130 130 130 130 129 130 130 130 130 130 130 130 130 130 130 130 130 130 130 130 129 129 129 129 129 129 129 129 129 129 129 129 129 129 129 130 130 130 130 130 130 130 130 130 130 122 123 130 130 130 130 130 130
0 130 130 130 130 130 130 130 130 130 129 129 130 130 130 130 130 130 130 129 130 130 130 130 130 130 130 130 130 130 130 130 130 130 130 129 129 129 129 129 129 129 129 129 129 129 129 129 129 129 130 130 130 130 130 130 130 130 130 130 130 130 124 130 130 130 130 130
0 130 130 130 129 129 130 130 130 130 130 130 129 129 129 129 129 130 129 130 129 130 130 130 130 129 130 129 130 130 129 130 129 130 130 130 130 130 130 130 130 130 130 130 130 130 130 130 130 130 129 129 129 129 130 129 130 130 130 130 130 130 130 130 125 130 129 130
0 130 130 130 130 130 130 130 130 130 130 130 130 130 130 130 130 130 130 130 130 130 130 130 130 130 130 130 130 130 130 130 130 130 130 130 130 130 130 130 130 130 130 130 130 130 130 130 130 130 130 130 130 130 130 130 126 130 130 130 130 130 130 130 130 127 130 130
0 130 130 130 130 130 129 129 129 129 129 129 130 130 130 130 130 130 130 129 130 129 130 130 129 130 130 130 130 130 130 130 130 130 130 129 129 129 129 129 129 129 129 129 129 129 129 129 129 129 130 130 130 130 129 130 130 130 130 130 130 130 130 130 130 130 128 130